# Frozen PMID list for the Phase 3 / Faz 1 silver pilot.
# Produced from data/silver/pilot_1k.jsonl (the sample the doccano
# batches were built from). Feed to run_silver.py --pmids to reproduce
# that exact sample; the stratified sampler no longer selects it, because
# widening GOLDEN_PMIDS (v1 5 -> v2 10) shifted the draw by 49%.
# One pmid per line. Blank lines and # comments are ignored.
10701848
42320251
41860961
31080155
20478721
37038712
8838240
36952529
40888913
31813960
39958081
31600191
41324824
40869971
30602604
42270426
35130181
37610679
38448979
42123994
38219541
30885978
40149919
26342163
36184152
35404841
15537655
33464360
23084978
38822362
38727298
40438165
17041099
20949032
37142563
41007712
39731014
32387399
21967149
41628867
38365882
23922695
41576477
42061004
14971998
33168134
39403669
2735365
40453454
36748187
35608904
34579730
41668149
31985273
35885023
39366734
22230689
29546329
41054252
29688022
31510030
41218077
39778783
36708934
39055909
42050733
26286438
38644205
31409545
35981653
36684551
38094041
30155941
41608406
42049090
34761111
33933244
36119129
40019588
22895141
38406276
42072654
38504484
2839380
42341897
36354133
3663107
41767599
27983556
11797375
40607437
19917450
41280111
36841993
17415544
32320731
39678582
30103768
33027743
30668340
36177003
36986087
30559182
39824831
31484072
40091499
42063407
22628619
11208362
41637165
41034946
23814022
41534598
41673140
37176029
6129253
33218272
37084840
34905371
42084439
41975028
27021152
39273157
33092034
32938779
35985342
40175911
25644430
36870027
34480101
30186161
37800608
35687267
15466065
36829809
34462431
16285997
25691217
33327311
42041905
35224394
39903606
23355744
39217365
27819678
42000318
38540409
42215440
41990451
34917560
40993657
40887432
39328397
36996002
34938805
29986432
29138817
31018129
39956315
39468229
13997860
30804603
26503545
36378050
31284408
40117607
20338238
40278364
17156840
27287694
42024694
30911937
31798522
10315357
39000543
38676505
17603886
27479696
39931827
37108190
21951971
41170189
3548751
36395406
38243370
17447855
41992374
41296471
41078499
38929389
30578297
41631426
10522273
8207021
36398902
29182580
39521042
39243921
41383707
31825539
29998832
12882997
39454905
34232221
33513874
35848285
39462280
39880748
35295591
16843432
36400009
35735253
42181661
32846403
29855382
19968882
29988450
37643503
32963689
41006286
21440524
38308901
26138757
42061984
41917198
30238936
17235696
36386216
38849541
40565173
32060497
42321758
30574039
34006632
8301429
38990479
8305778
34569869
39453113
42354856
37945317
28706202
38921560
42212157
40006055
31384241
32222648
23115192
41559743
22775238
42328061
42100420
41750558
41744759
37078424
42184491
39113090
41971380
11050670
2133251
27999522
36726460
31169883
39564988
30139042
28589382
7594441
41496356
23685169
33234693
24152580
25052890
41468703
33626316
42027653
23471028
18254660
7783706
8121382
42061668
34395855
32158215
25806679
41481452
42071250
39211249
19245819
37928523
41544944
16465269
42147323
38791520
37997855
37229452
38511423
41042678
41994550
36648330
39704926
32895923
39133890
25548681
16158042
42062634
40498271
37664874
9553952
34994003
35903083
17931985
36355179
39361099
39484773
12403250
35664672
23850645
41872157
35046836
34559138
41487671
41787744
30578842
27776302
28934963
32807972
27574546
36338341
39775479
40929883
10766749
38467839
36265896
28769554
40345262
40701521
42074155
42018362
32723252
36817578
26394519
41155167
42070604
41994801
33295915
37226933
16970941
41213441
38498130
41516226
36185739
34208613
23525151
37003979
9654398
33900162
36171542
40666443
29741506
41109619
39287867
42229234
39726925
10852543
41979734
23196212
39776112
41644117
31156222
41711137
37710315
40142198
34078023
32155663
29471549
11422339
28573069
33659885
33029705
40637748
24922628
11205903
42301584
36643050
11475535
41565197
38274331
7777588
9832597
7506539
18703087
40947715
11794878
3474660
39061889
41719231
35148834
35152682
40437131
22377532
24600438
12061677
42397177
40250523
42332402
9717785
36937355
42009548
40450894
41576931
41513030
17236123
37179331
27569705
34607104
37890668
9369254
40504307
3248116
35196362
36393970
35348996
6362680
18417155
42248860
41580785
38340651
33438398
41577839
25178623
31910152
41962269
19584965
42025826
39334386
28025170
8292452
38447791
27694392
24515874
32290231
3978571
41167985
38851806
42199008
39411175
36670994
42230987
32165008
40790244
39980347
33605552
36225588
35628194
33431046
36933457
35656025
38494143
23585020
39120853
26415497
36626368
30862686
29288497
40090587
39585461
34275052
37244415
38076161
178159
36186841
30879111
42361171
39514761
41645086
24633998
20064937
39119946
41054380
42079653
36175487
40638835
42204603
41440808
33777337
10943160
34108263
6591771
38854072
11452064
40575786
33401897
38790652
41689711
35222044
36326407
21910007
29549095
38633166
31624245
8282065
33509307
24903093
35654319
41447358
41888110
10924871
37000389
40672091
40660541
41638919
36982845
37470414
41643453
33377309
42287835
34390792
41538457
40552387
33358495
40011918
41202480
40105713
31098896
40611862
41897375
38459804
29404453
28619249
39448607
8820792
18341681
23378337
15520015
19656463
33901658
40684637
30486474
41260378
34745201
21772695
41020843
7062041
39439179
41320682
36776843
29119048
37881566
41603341
41675684
30980800
37251331
42400032
40163267
39342305
37566462
38966636
42164014
41534302
39144144
41937114
41085045
8615352
38339211
34731610
3314448
39280069
41316810
42273709
36926547
40667385
37752100
41791621
40062228
18772362
21902286
31555134
33932122
41296493
34200685
38062477
34679199
19158194
17570073
36503254
10799657
28738076
3971842
36891541
30140596
9802541
22666428
34348794
24632713
32151650
39136013
12730764
30254208
28077491
41782446
42075780
42048618
8619794
32638178
38523633
31279616
41958659
42153054
8930205
35242216
42293142
39847635
39972192
41552683
42356343
31390002
26290849
33135718
36049673
42341605
42090751
3260792
42294918
32197906
24762972
23011809
40809789
18500552
33854970
35889903
41863362
38044746
40199866
22642257
41752903
19223700
31694512
18447718
32289469
42195281
31367041
35369462
42259431
38508326
32433611
36643077
24137355
40394288
17218384
32896622
23955123
16799656
34403879
34380635
34373984
39054694
38096955
23560496
41581919
30862116
34975400
41845483
33378074
20821352
37173186
6800838
42325951
41152367
38816873
38508240
36414381
40917022
37827296
12069534
41275899
39471628
39354487
28360763
11130751
27323560
36339620
28839185
42014657
37161450
40975374
41231253
38615234
23261424
30356327
42361919
37884970
23577691
40230848
38015796
42191471
29243851
30402405
40884716
37333039
39275130
36116740
35938176
35121943
37992882
37801479
35868043
1382418
41338123
39872146
10349844
41833955
41134303
2439934
38765904
33609087
29534752
38362904
29128352
35795239
40886856
5573549
38492329
34563665
42265734
25678021
2292224
41161959
41863418
42291552
33235923
42121912
41772230
31928475
29914429
27353988
39789579
40078254
40217360
42399085
40979443
36308992
41970324
41847390
35388843
25214402
37035219
39178293
36354350
20974729
11452937
35754734
40065102
33159208
40973721
2040923
16366737
40015349
22236481
33670206
38165726
35805129
41147357
29857581
41834911
24131523
41703542
29523305
32081049
42103831
32563101
34856750
2566501
40451858
41299707
37202792
25380951
34292399
36604186
32245176
40271800
41788004
37986413
42164470
36077374
39875919
36139498
16857098
24328866
30949409
1461933
32986332
34721394
26601079
39554996
40344848
42215065
41263779
41278477
42372598
26045167
33007859
37639546
31647302
35978522
35104757
40615660
38611595
37726303
39606402
36232951
41161237
23287530
35912879
40750008
25666255
42031319
39178542
33302403
32754608
41267386
27193466
35657825
32998517
22155640
37803591
8796989
36648064
38918996
41305664
33989633
32844632
39207127
41856523
42323059
27507559
31195117
37046844
39217651
12769660
41123804
36459728
30322853
33479702
42346818
38672672
29250167
17667565
39603869
42141713
6610628
40307749
41879845
41228487
40182622
38029808
25972546
36583863
31885637
33279619
40646491
20382140
25962120
40672080
40275437
26347327
41736423
9329694
36316327
9097031
41496513
40813463
35371012
34417872
35681743
41360907
31600775
40607026
37508702
38193100
6300962
41475577
32304313
35847888
26697174
42140525
27942480
12576462
33677436
29046626
41215999
33126501
41977323
30060357
27843994
38445087
41218810
41518974
32312817
41484888
42121260
32694686
40331539
38012510
32686200
38299406
37144836
36198483
34440777
40948440
37713175
36640582
38521833
11850112
14735034
1510385
39762281
11791637
40530125
17380319
32977496
39410649
18385497
33604751
42151770
20802793
25683757
16935537
42129616
42343420
4014565
34171401
13419429
42299366
40216908
36278228
31071683
39834645
11317526
18822146
38892512
30197275
36830834
20335275
33400181
37377608
40939547
12556220
40570550
41029932
32027051
38548690
17393491
38369593
23690974
40501952
36715824
41742532
34693693
37914694
36793283
29241760
37062248
29245920
40439753
40439074
41490203
42107342
35678977
29137983
23781173
40916438
16372906
8878451
19106193
42041076
40378670
29207199
32163433
36756095
36338708
41886805
41688415
20966399
33495028
31781248
33453420
24994754
35578380
34823524
26967252
38168585
39359475
9989535
40239563
17885929
38558328
4155948
40125455
39788356
28303855
11342344
